[{"ShiftLock":false,"VVelocity":[0,-0.00001294723006139975,0],"AAnimation":{"Name":"Idle","Weight":0},"CCFrame":[142.1670379638672,-4.399670124053955,-242.2158660888672,0.9370341897010803,0,0.3492375910282135,0,1,0,-0.3492375910282135,0,0.9370341897010803],"CCameraCFrame":[143.4545135498047,17.424949645996095,-238.76145935058595,0.9370341897010803,-0.3436306416988373,0.06232861429452896,0,0.17847052216529847,0.9839452505111694,-0.3492375612258911,-0.9219903349876404,0.16723299026489259],"time":0},{"ShiftLock":true,"VVelocity":[-2.5123918056488039,-0.00001294723006139975,0.5649392604827881],"AAnimation":{"Name":"Idle","Weight":0},"CCFrame":[142.1565704345703,-4.399670124053955,-242.21351623535157,0.9759958982467651,0,0.21778887510299684,0,1,0,-0.21778887510299684,0,0.9759958982467651],"CCameraCFrame":[144.65621948242188,17.442768096923829,-239.09619140625,0.9759958982467651,-0.2144801914691925,0.03781852498650551,0,0.17364764213562013,0.9848078489303589,-0.21778887510299684,-0.9611684083938599,0.1694793850183487],"time":0.007182121276855469},{"ShiftLock":true,"VVelocity":[-7.539366245269775,-0.00001294723006139975,1.6850311756134034],"AAnimation":{"Name":"Idle","Weight":0},"CCFrame":[142.10421752929688,-4.399670124053955,-242.20181274414063,0.9761731624603272,0,0.2169930785894394,0,1,0,-0.2169930785894394,0,0.9761731624603272],"CCameraCFrame":[144.64320373535157,17.442766189575197,-239.091796875,0.9761731624603272,-0.21369649469852448,0.03768038749694824,0,0.17364788055419923,0.9848077893257141,-0.21699309349060059,-0.9613429307937622,0.1695103943347931],"time":0.01249837875366211},{"ShiftLock":true,"VVelocity":[-10.053733825683594,-0.000018921571609098465,2.2411139011383058],"AAnimation":{"Name":"Idle","Weight":0},"CCFrame":[142.0623321533203,-4.399670124053955,-242.19247436523438,0.9763497114181519,0,0.21619711816310883,0,1,0,-0.21619711816310883,0,0.9763497114181519],"CCameraCFrame":[144.58831787109376,17.442764282226564,-239.07806396484376,0.9763497710227966,-0.21291257441043855,0.03754224628210068,0,0.17364825308322907,0.9848076701164246,-0.21619711816310883,-0.9615167379379273,0.16954141855239869],"time":0.018870830535888673},{"ShiftLock":true,"VVelocity":[-14.477008819580079,-0.00022455192811321467,3.208760976791382],"AAnimation":{"Name":"Idle","Weight":0},"CCFrame":[141.94964599609376,-4.39967155456543,-242.16748046875,0.9765254855155945,0,0.21540191769599915,0,1,0,-0.21540191769599915,0,0.9765254855155945],"CCameraCFrame":[144.54388427734376,17.442764282226564,-239.06671142578126,0.9765255451202393,-0.21212947368621827,0.03740411624312401,0,0.17364804446697236,0.9848077297210693,-0.21540191769599915,-0.9616898894309998,0.16957172751426698],"time":0.02375030517578125},{"ShiftLock":true,"VVelocity":[-15.463054656982422,-0.00014510934124700725,3.413008213043213],"AAnimation":{"Name":"Idle","Weight":0},"CCFrame":[141.82191467285157,-4.399672985076904,-242.13926696777345,0.9767014980316162,0,0.2146025002002716,0,1,0,-0.2146025002002716,0,0.9767014980316162],"CCameraCFrame":[144.4286346435547,17.442766189575197,-239.03970336914063,0.976701557636261,-0.21134227514266969,0.037265241146087649,0,0.17364776134490968,0.9848078489303589,-0.2146025449037552,-0.9618633389472961,0.16960200667381288],"time":0.031200647354125978},{"ShiftLock":true,"VVelocity":[-15.56566047668457,-0.00021615554578602314,3.425903081893921],"AAnimation":{"Name":"Idle","Weight":0},"CCFrame":[141.75706481933595,-4.399673938751221,-242.125,0.9768761396408081,0,0.2138061225414276,0,1,0,-0.2138061225414276,0,0.9768761396408081],"CCameraCFrame":[144.29835510253907,17.442760467529298,-239.0094451904297,0.9768761992454529,-0.2105579376220703,0.03712710365653038,3.725290742551124e-9,0.17364846169948579,0.9848076701164246,-0.21380615234375,-0.9620351791381836,0.16963303089141847],"time":0.03600144386291504},{"ShiftLock":true,"VVelocity":[-15.605883598327637,-0.00024304007820319384,3.4227747917175295],"AAnimation":{"Name":"Idle","Weight":0},"CCFrame":[141.69204711914063,-4.399674892425537,-242.11073303222657,0.976875901222229,0,0.21380698680877686,0,1,0,-0.21380698680877686,0,0.976875901222229],"CCameraCFrame":[144.23350524902345,17.442764282226564,-238.9951934814453,0.9768759608268738,-0.21055881679058076,0.03712710365653038,0,0.17364776134490968,0.9848078489303589,-0.21380700170993806,-0.9620351195335388,0.16963230073451997],"time":0.04257464408874512},{"ShiftLock":true,"VVelocity":[-15.626620292663575,-0.00025692637427709997,3.4211738109588625],"AAnimation":{"Name":"Idle","Weight":0},"CCFrame":[141.5618438720703,-4.39967679977417,-242.0822296142578,0.9770499467849731,0,0.21301046013832093,0,1,0,-0.21301046013832093,0,0.9770499467849731],"CCameraCFrame":[144.1659393310547,17.442758560180665,-238.97889709472657,0.9770500063896179,-0.20977437496185304,0.036988966166973117,0,0.17364858090877534,0.9848076701164246,-0.2130105048418045,-0.9622063636779785,0.16966332495212556],"time":0.047908782958984378},{"ShiftLock":true,"VVelocity":[-15.630480766296387,-0.0002584603207651526,3.4130446910858156],"AAnimation":{"Name":"Idle","Weight":0},"CCFrame":[141.49671936035157,-4.399677753448486,-242.06800842285157,0.9770499467849731,0,0.21301047503948213,0,1,0,-0.21301047503948213,0,0.9770499467849731],"CCameraCFrame":[144.03573608398438,17.44275665283203,-238.9503936767578,0.9770500063896179,-0.20977437496185304,0.036988962441682819,0,0.17364856600761414,0.9848076701164246,-0.2130105048418045,-0.9622063636779785,0.16966331005096436],"time":0.05376243591308594},{"ShiftLock":true,"VVelocity":[-15.632471084594727,-0.00025926766102202237,3.40885329246521],"AAnimation":{"Name":"Idle","Weight":0},"CCFrame":[141.36643981933595,-4.399679660797119,-242.0395965576172,0.9770499467849731,0,0.21301047503948213,0,1,0,-0.21301047503948213,0,0.9770499467849731],"CCameraCFrame":[143.97061157226563,17.44275665283203,-238.93617248535157,0.9770500063896179,-0.20977437496185304,0.036988962441682819,0,0.17364856600761414,0.9848076701164246,-0.2130105048418045,-0.9622063636779785,0.16966331005096436],"time":0.061058759689331058},{"ShiftLock":true,"VVelocity":[-15.63275146484375,-0.00025934839504770935,3.408263921737671],"AAnimation":{"Name":"Idle","Weight":0},"CCFrame":[141.2361602783203,-4.399681568145752,-242.0111846923828,0.9772239327430725,0,0.21221064031124116,0,1,0,-0.21221064031124116,0,0.9772239327430725],"CCameraCFrame":[143.8377685546875,17.4427547454834,-238.90573120117188,0.9772239923477173,-0.20898666977882386,0.036850087344646457,-3.725290298461914e-9,0.1736486405134201,0.9848076701164246,-0.21221064031124116,-0.962377667427063,0.16969360411167146],"time":0.06818008422851563},{"ShiftLock":true,"VVelocity":[-15.63275146484375,-0.00025934839504770935,3.408263921737671],"AAnimation":{"Name":"Idle","Weight":0},"CCFrame":[141.2361602783203,-4.399681568145752,-242.0111846923828,0.9772239327430725,0,0.21221064031124116,0,1,0,-0.21221064031124116,0,0.9772239327430725],"CCameraCFrame":[143.70748901367188,17.442752838134767,-238.8773193359375,0.9772239923477173,-0.20898666977882386,0.036850087344646457,-3.725290298461914e-9,0.1736486405134201,0.9848076701164246,-0.21221064031124116,-0.962377667427063,0.16969360411167146],"time":0.07143950462341309},{"ShiftLock":true,"VVelocity":[-15.635184288024903,-0.00025967133115045726,3.3971831798553469],"AAnimation":{"Name":"Idle","Weight":0},"CCFrame":[141.1058807373047,-4.399683475494385,-241.9828643798828,0.9772237539291382,0,0.21221153438091279,0,1,0,-0.21221153438091279,0,0.9772237539291382],"CCameraCFrame":[143.70748901367188,17.4427547454834,-238.87733459472657,0.977223813533783,-0.20898757874965669,0.036850087344646457,0,0.1736479103565216,0.9848077893257141,-0.21221153438091279,-0.9623776078224182,0.16969285905361176],"time":0.07930707931518555},{"ShiftLock":true,"VVelocity":[-15.635431289672852,-0.00025967133115045726,3.396059036254883],"AAnimation":{"Name":"Idle","Weight":0},"CCFrame":[141.0407257080078,-4.399684429168701,-241.96871948242188,0.9773971438407898,0,0.21141155064105988,0,1,0,-0.21141155064105988,0,0.9773971438407898],"CCameraCFrame":[143.57464599609376,17.442752838134767,-238.8470001220703,0.9773972034454346,-0.20819976925849915,0.03671121224761009,0,0.17364810407161714,0.9848077893257141,-0.21141158044338227,-0.9625483751296997,0.16972313821315766],"time":0.08385133743286133},{"ShiftLock":true,"VVelocity":[-15.637943267822266,-0.0002599942672532052,3.3844797611236574],"AAnimation":{"Name":"Idle","Weight":0},"CCFrame":[140.91041564941407,-4.399686336517334,-241.9405059814453,0.9773971438407898,0,0.21141155064105988,0,1,0,-0.21141155064105988,0,0.9773971438407898],"CCameraCFrame":[143.50949096679688,17.442750930786134,-238.8328399658203,0.9773971438407898,-0.20819973945617677,0.03671121969819069,0,0.17364813387393952,0.9848077893257141,-0.21141155064105988,-0.9625483155250549,0.16972318291664124],"time":0.09007978439331055},{"ShiftLock":true,"VVelocity":[-15.638199806213379,-0.0002599942672532052,3.3832955360412599],"AAnimation":{"Name":"Idle","Weight":0},"CCFrame":[140.8452606201172,-4.39968729019165,-241.92640686035157,0.9775698781013489,0,0.21061144769191743,0,1,0,-0.21061144769191743,0,0.9775698781013489],"CCameraCFrame":[143.37660217285157,17.442747116088868,-238.8026123046875,0.9775698781013489,-0.2074117213487625,0.03657233715057373,0,0.173648402094841,0.9848076701164246,-0.21061140298843385,-0.9627183079719544,0.16975344717502595],"time":0.09611821174621582},{"ShiftLock":true,"VVelocity":[-15.640707969665528,-0.0002603172033559531,3.37168288230896],"AAnimation":{"Name":"Idle","Weight":0},"CCFrame":[140.7149200439453,-4.399689197540283,-241.89828491210938,0.9775698781013489,0,0.21061143279075623,0,1,0,-0.21061143279075623,0,0.9775698781013489],"CCameraCFrame":[143.31146240234376,17.442747116088868,-238.78851318359376,0.9775698781013489,-0.2074117362499237,0.03657233715057373,0,0.1736483871936798,0.9848076701164246,-0.21061141788959504,-0.9627183079719544,0.16975343227386475],"time":0.10239005088806153},{"ShiftLock":true,"VVelocity":[-15.641060829162598,-0.0002603172033559531,3.3700499534606935],"AAnimation":{"Name":"Idle","Weight":0},"CCFrame":[140.58457946777345,-4.399691104888916,-241.87020874023438,0.9775698781013489,0,0.21061143279075623,0,1,0,-0.21061143279075623,0,0.9775698781013489],"CCameraCFrame":[143.18112182617188,17.442745208740236,-238.76039123535157,0.9775698781013489,-0.2074117362499237,0.03657233715057373,0,0.1736483871936798,0.9848076701164246,-0.21061141788959504,-0.9627183079719544,0.16975343227386475],"time":0.10891604423522949},{"ShiftLock":true,"VVelocity":[-15.641096115112305,-0.0002603172033559531,3.3698830604553224],"AAnimation":{"Name":"Idle","Weight":0},"CCFrame":[140.5194091796875,-4.399692058563232,-241.85617065429688,0.9775698781013489,0,0.21061143279075623,0,1,0,-0.21061143279075623,0,0.9775698781013489],"CCameraCFrame":[143.05078125,17.4427433013916,-238.73231506347657,0.9775698781013489,-0.2074117362499237,0.03657233715057373,0,0.1736483871936798,0.9848076701164246,-0.21061141788959504,-0.9627183079719544,0.16975343227386475],"time":0.11520147323608399},{"ShiftLock":true,"VVelocity":[-15.641109466552735,-0.0002603172033559531,3.3698205947875978],"AAnimation":{"Name":"Idle","Weight":0},"CCFrame":[140.45423889160157,-4.399693012237549,-241.84213256835938,0.9777417182922363,0,0.20981204509735108,0,1,0,-0.20981204509735108,0,0.9777417182922363],"CCameraCFrame":[142.9830322265625,17.44274139404297,-238.7162628173828,0.9777418375015259,-0.20662453770637513,0.03643346205353737,0,0.17364811897277833,0.9848077297210693,-0.20981205999851228,-0.962887704372406,0.16978299617767335],"time":0.1207427978515625},{"ShiftLock":true,"VVelocity":[-15.64283275604248,-0.00026055940543301404,3.3618030548095705],"AAnimation":{"Name":"Idle","Weight":0},"CCFrame":[140.38905334472657,-4.399693965911865,-241.828125,0.9777417182922363,0,0.20981203019618989,0,1,0,-0.20981203019618989,0,0.9777417182922363],"CCameraCFrame":[142.91786193847657,17.4427433013916,-238.7022247314453,0.9777418375015259,-0.2066245675086975,0.03643345832824707,0,0.17364810407161714,0.9848077893257141,-0.20981207489967347,-0.9628877639770508,0.16978298127651215],"time":0.12625575065612794},{"ShiftLock":true,"VVelocity":[-15.643720626831055,-0.000260640139458701,3.357668876647949],"AAnimation":{"Name":"Idle","Weight":0},"CCFrame":[140.25868225097657,-4.399695873260498,-241.80014038085938,0.9777417182922363,0,0.20981203019618989,0,1,0,-0.20981203019618989,0,0.9777417182922363],"CCameraCFrame":[142.85267639160157,17.44274139404297,-238.68821716308595,0.9777417778968811,-0.20662455260753632,0.036433469504117969,0,0.17364813387393952,0.9848077893257141,-0.20981205999851228,-0.962887704372406,0.16978302597999574],"time":0.13358497619628907},{"ShiftLock":true,"VVelocity":[-15.64381217956543,-0.000260640139458701,3.357246160507202],"AAnimation":{"Name":"Idle","Weight":0},"CCFrame":[140.19349670410157,-4.3996968269348148,-241.78614807128907,0.9777417182922363,0,0.20981203019618989,0,1,0,-0.20981203019618989,0,0.9777417182922363],"CCameraCFrame":[142.72230529785157,17.442739486694337,-238.6602325439453,0.9777417778968811,-0.20662455260753632,0.036433469504117969,0,0.17364813387393952,0.9848077893257141,-0.20981205999851228,-0.962887704372406,0.16978302597999574],"time":0.13927745819091798},{"ShiftLock":true,"VVelocity":[-15.643858909606934,-0.000260640139458701,3.3570282459259035],"AAnimation":{"Name":"Idle","Weight":0},"CCFrame":[140.06312561035157,-4.399698734283447,-241.75816345214845,0.9777417182922363,0,0.20981203019618989,0,1,0,-0.20981203019618989,0,0.9777417182922363],"CCameraCFrame":[142.65711975097657,17.442739486694337,-238.646240234375,0.9777417778968811,-0.20662455260753632,0.036433469504117969,0,0.17364813387393952,0.9848077893257141,-0.20981205999851228,-0.962887704372406,0.16978302597999574],"time":0.14490175247192384},{"ShiftLock":true,"VVelocity":[-15.643863677978516,-0.000260640139458701,3.3570058345794679],"AAnimation":{"Name":"Idle","Weight":0},"CCFrame":[139.99794006347657,-4.399699687957764,-241.74417114257813,0.9777417182922363,0,0.20981203019618989,0,1,0,-0.20981203019618989,0,0.9777417182922363],"CCameraCFrame":[142.52674865722657,17.442737579345704,-238.61825561523438,0.9777417778968811,-0.20662455260753632,0.036433469504117969,0,0.17364813387393952,0.9848077893257141,-0.20981205999851228,-0.962887704372406,0.16978302597999574],"time":0.15162301063537599},{"ShiftLock":true,"VVelocity":[-15.643866539001465,-0.000260640139458701,3.356994390487671],"AAnimation":{"Name":"Idle","Weight":0},"CCFrame":[139.86756896972657,-4.3997015953063969,-241.7161865234375,0.9777417182922363,0,0.20981203019618989,0,1,0,-0.20981203019618989,0,0.9777417182922363],"CCameraCFrame":[142.46156311035157,17.44273567199707,-238.60426330566407,0.9777417778968811,-0.20662455260753632,0.036433469504117969,0,0.17364813387393952,0.9848077893257141,-0.20981205999851228,-0.962887704372406,0.16978302597999574],"time":0.15778470039367677},{"ShiftLock":true,"VVelocity":[-15.643866539001465,-0.000260640139458701,3.3569931983947756],"AAnimation":{"Name":"Idle","Weight":0},"CCFrame":[139.80238342285157,-4.399702548980713,-241.7021942138672,0.9777417182922363,0,0.20981203019618989,0,1,0,-0.20981203019618989,0,0.9777417182922363],"CCameraCFrame":[142.33119201660157,17.442733764648439,-238.57627868652345,0.9777417778968811,-0.20662455260753632,0.036433469504117969,0,0.17364813387393952,0.9848077893257141,-0.20981205999851228,-0.962887704372406,0.16978302597999574],"time":0.1640608310699463},{"ShiftLock":true,"VVelocity":[-15.643866539001465,-0.000260640139458701,3.356992721557617],"AAnimation":{"Name":"Idle","Weight":0},"CCFrame":[139.73719787597657,-4.399703502655029,-241.68820190429688,0.9779131412506104,0,0.20901165902614594,0,1,0,-0.20901165902614594,0,0.9779131412506104],"CCameraCFrame":[142.26344299316407,17.442731857299806,-238.5602569580078,0.9779132008552551,-0.20583629608154298,0.03629458695650101,0,0.1736486256122589,0.9848076701164246,-0.20901167392730714,-0.9630564451217651,0.16981327533721925],"time":0.1700122356414795},{"ShiftLock":true,"VVelocity":[-15.645580291748047,-0.00026088234153576195,3.3489887714385988],"AAnimation":{"Name":"Idle","Weight":0},"CCFrame":[139.67201232910157,-4.399704456329346,-241.67425537109376,0.977912962436676,0,0.20901252329349519,0,1,0,-0.20901252329349519,0,0.977912962436676],"CCameraCFrame":[142.19825744628907,17.442731857299806,-238.54627990722657,0.977912962436676,-0.20583714544773103,0.036294590681791309,-3.725290298461914e-9,0.1736479252576828,0.9848077893257141,-0.20901250839233399,-0.9630563259124756,0.16981256008148194],"time":0.17481160163879395},{"ShiftLock":true,"VVelocity":[-15.646463394165039,-0.00026096307556144893,3.3448736667633058],"AAnimation":{"Name":"Idle","Weight":0},"CCFrame":[139.5416259765625,-4.3997063636779789,-241.64637756347657,0.977912962436676,0,0.20901250839233399,0,1,0,-0.20901250839233399,0,0.977912962436676],"CCameraCFrame":[142.13307189941407,17.442731857299806,-238.53233337402345,0.977912962436676,-0.20583714544773103,0.036294590681791309,-3.725290298461914e-9,0.1736479252576828,0.9848077893257141,-0.20901250839233399,-0.9630563259124756,0.16981256008148194],"time":0.18104052543640138},{"ShiftLock":true,"VVelocity":[-15.646553039550782,-0.00026096307556144893,3.3444528579711916],"AAnimation":{"Name":"Idle","Weight":0},"CCFrame":[139.47642517089845,-4.399707317352295,-241.6324462890625,0.977912962436676,0,0.20901250839233399,0,1,0,-0.20901250839233399,0,0.977912962436676],"CCameraCFrame":[142.002685546875,17.442729949951173,-238.50445556640626,0.977912962436676,-0.20583714544773103,0.036294590681791309,-3.725290298461914e-9,0.1736479252576828,0.9848077893257141,-0.20901250839233399,-0.9630563259124756,0.16981256008148194],"time":0.18713045120239259},{"ShiftLock":true,"VVelocity":[-15.646599769592286,-0.00026096307556144893,3.344235897064209],"AAnimation":{"Name":"Idle","Weight":0},"CCFrame":[139.3460235595703,-4.399709224700928,-241.60458374023438,0.977912962436676,0,0.20901250839233399,0,1,0,-0.20901250839233399,0,0.977912962436676],"CCameraCFrame":[141.93748474121095,17.44272804260254,-238.4905242919922,0.977912962436676,-0.20583714544773103,0.036294590681791309,-3.725290298461914e-9,0.1736479252576828,0.9848077893257141,-0.20901250839233399,-0.9630563259124756,0.16981256008148194],"time":0.19451522827148438},{"ShiftLock":true,"VVelocity":[-15.646604537963868,-0.00026096307556144893,3.3442137241363527],"AAnimation":{"Name":"Idle","Weight":0},"CCFrame":[139.28082275390626,-4.399710178375244,-241.5906524658203,0.9780835509300232,0,0.20821285247802735,0,1,0,-0.20821285247802735,0,0.9780835509300232],"CCameraCFrame":[141.80450439453126,17.44272804260254,-238.46066284179688,0.9780834913253784,-0.20504966378211976,0.03615571931004524,0,0.17364786565303803,0.9848079085350037,-0.20821285247802735,-0.9632243514060974,0.16984212398529054],"time":0.19939541816711427},{"ShiftLock":true,"VVelocity":[-15.64895248413086,-0.00026120527763850987,3.3332066535949709],"AAnimation":{"Name":"Idle","Weight":0},"CCFrame":[139.15042114257813,-4.399712085723877,-241.5628662109375,0.9780837297439575,0,0.2082119882106781,0,1,0,-0.2082119882106781,0,0.9780837297439575],"CCameraCFrame":[141.7393035888672,17.442724227905275,-238.44671630859376,0.9780837893486023,-0.20504875481128694,0.036155715584754947,3.725290298461914e-9,0.17364859580993653,0.9848077297210693,-0.2082119733095169,-0.963224470615387,0.16984285414218903],"time":0.20710062980651856},{"ShiftLock":true,"VVelocity":[-15.649194717407227,-0.00026120527763850987,3.3320722579956056],"AAnimation":{"Name":"Idle","Weight":0},"CCFrame":[139.08522033691407,-4.399713039398193,-241.54898071289063,0.9782536625862122,0,0.20741219818592072,0,1,0,-0.20741219818592072,0,0.9782536625862122],"CCameraCFrame":[141.60633850097657,17.44272232055664,-238.4169158935547,0.9782536625862122,-0.2042611539363861,0.036016836762428287,7.450580596923828e-9,0.17364861071109773,0.9848076701164246,-0.2074122279882431,-0.9633917212486267,0.16987237334251405],"time":0.21126103401184083},{"ShiftLock":true,"VVelocity":[-15.651656150817871,-0.0002615282137412578,3.3204903602600099],"AAnimation":{"Name":"Idle","Weight":0},"CCFrame":[138.9547882080078,-4.399714946746826,-241.5212860107422,0.9782536625862122,0,0.20741218328475953,0,1,0,-0.20741218328475953,0,0.9782536625862122],"CCameraCFrame":[141.5411376953125,17.442720413208009,-238.4030303955078,0.9782536625862122,-0.2042611539363861,0.036016836762428287,7.450580596923828e-9,0.17364861071109773,0.9848076701164246,-0.2074122279882431,-0.9633917212486267,0.16987237334251405],"time":0.21819639205932618},{"ShiftLock":true,"VVelocity":[-15.652002334594727,-0.0002615282137412578,3.318861722946167],"AAnimation":{"Name":"Idle","Weight":0},"CCFrame":[138.82435607910157,-4.399716854095459,-241.49363708496095,0.9784227013587952,0,0.20661309361457826,0,1,0,-0.20661309361457826,0,0.9784227013587952],"CCameraCFrame":[141.4081268310547,17.442720413208009,-238.3733367919922,0.9784227609634399,-0.203474223613739,0.03587796539068222,0,0.17364807426929475,0.9848077893257141,-0.20661313831806184,-0.9635583758354187,0.16990120708942414],"time":0.22403264045715333},{"ShiftLock":true,"VVelocity":[-15.653727531433106,-0.0002617704158183187,3.310703992843628],"AAnimation":{"Name":"Idle","Weight":0},"CCFrame":[138.75912475585938,-4.399717807769775,-241.47984313964845,0.9785913228988648,0,0.20581303536891938,0,1,0,-0.20581303536891938,0,0.9785913228988648],"CCameraCFrame":[141.27513122558595,17.442718505859376,-238.3436737060547,0.9785913228988648,-0.20268625020980836,0.03573909029364586,0,0.17364832758903504,0.9848077893257141,-0.20581300556659699,-0.9637243747711182,0.16993075609207154],"time":0.22923994064331056},{"ShiftLock":true,"VVelocity":[-15.656936645507813,-0.00026209335192106664,3.295496940612793],"AAnimation":{"Name":"Idle","Weight":0},"CCFrame":[138.628662109375,-4.399719715118408,-241.45236206054688,0.9787592887878418,0,0.20501281321048737,0,1,0,-0.20501281321048737,0,0.9787592887878418],"CCameraCFrame":[141.2073211669922,17.442716598510743,-238.327880859375,0.9787592887878418,-0.20189820230007173,0.0356002077460289,0,0.17364870011806489,0.9848076701164246,-0.20501282811164857,-0.9638896584510803,0.16996027529239655],"time":0.237046480178833},{"ShiftLock":true,"VVelocity":[-15.658944129943848,-0.0002623355539981276,3.2859394550323488],"AAnimation":{"Name":"Idle","Weight":0},"CCFrame":[138.56341552734376,-4.399720668792725,-241.4386749267578,0.978926420211792,0,0.20421332120895387,0,1,0,-0.20421332120895387,0,0.978926420211792],"CCameraCFrame":[141.07427978515626,17.44271469116211,-238.29840087890626,0.9789264798164368,-0.20111083984375,0.03546133264899254,0,0.17364850640296937,0.9848076701164246,-0.20421332120895387,-0.96405428647995,0.16998909413814546],"time":0.2415332794189453},{"ShiftLock":true,"VVelocity":[-15.661368370056153,-0.0002625777560751885,3.274360418319702],"AAnimation":{"Name":"Idle","Weight":0},"CCFrame":[138.49815368652345,-4.399721622467041,-241.42503356933595,0.978926420211792,0,0.20421330630779267,0,1,0,-0.20421330630779267,0,0.978926420211792],"CCameraCFrame":[141.009033203125,17.442712783813478,-238.2847137451172,0.9789264798164368,-0.20111083984375,0.03546132892370224,0,0.17364849150180818,0.9848076701164246,-0.20421332120895387,-0.96405428647995,0.16998907923698426],"time":0.24872946739196778},{"ShiftLock":true,"VVelocity":[-15.662617683410645,-0.0002627392241265625,3.268389940261841],"AAnimation":{"Name":"Idle","Weight":0},"CCFrame":[138.3676300048828,-4.399723529815674,-241.39779663085938,0.9790928959846497,0,0.2034136801958084,0,1,0,-0.2034136801958084,0,0.9790928959846497],"CCameraCFrame":[140.94119262695313,17.442712783813478,-238.26907348632813,0.9790929555892944,-0.20032335817813874,0.03532245010137558,-3.725290742551124e-9,0.17364837229251862,0.9848076701164246,-0.2034136801958084,-0.964218258857727,0.17001786828041078],"time":0.2542245388031006},{"ShiftLock":true,"VVelocity":[-15.665082931518555,-0.00021785094577353448,3.2565555572509767],"AAnimation":{"Name":"Idle","Weight":0},"CCFrame":[138.23709106445313,-4.399725437164307,-241.3706512451172,0.9792587161064148,0,0.2026139199733734,0,1,0,-0.2026139199733734,0,0.9792587161064148],"CCameraCFrame":[140.80809020996095,17.442710876464845,-238.23983764648438,0.9792587161064148,-0.19953571259975434,0.03518357872962952,0,0.173648402094841,0.9848076701164246,-0.20261389017105103,-0.9643815159797669,0.17004670202732087],"time":0.2611117362976074},{"ShiftLock":true,"VVelocity":[-15.666993141174317,-0.8177178502082825,3.247347354888916],"AAnimation":{"Name":"Idle","Weight":0},"CCFrame":[138.17181396484376,-4.403132438659668,-241.35711669921876,0.9794237017631531,0,0.20181483030319215,0,1,0,-0.20181483030319215,0,0.9794237017631531],"CCameraCFrame":[140.6749725341797,17.442712783813478,-238.21072387695313,0.9794237613677979,-0.19874884188175202,0.035044703632593158,0,0.17364782094955445,0.9848078489303589,-0.20181484520435334,-0.9645442366600037,0.17007477581501008],"time":0.26700639724731448},{"ShiftLock":true,"VVelocity":[-15.66935920715332,-1.6352179050445557,3.23590350151062],"AAnimation":{"Name":"Idle","Weight":0},"CCFrame":[138.1065216064453,-4.409945964813232,-241.3436279296875,0.9795882105827332,0,0.20101481676101685,0,1,0,-0.20101481676101685,0,0.9795882105827332],"CCameraCFrame":[140.60711669921876,17.43930435180664,-238.1951904296875,0.9795882701873779,-0.1979609727859497,0.03490583598613739,0,0.17364808917045594,0.9848077893257141,-0.20101483166217805,-0.9647061824798584,0.17010360956192017],"time":0.27278852462768557},{"ShiftLock":true,"VVelocity":[-15.672842025756836,-3.2702178955078127,3.2190027236938478],"AAnimation":{"Name":"Idle","Weight":0},"CCFrame":[137.97592163085938,-4.433791637420654,-241.31678771972657,0.9797520637512207,0,0.20021462440490724,0,1,0,-0.20021462440490724,0,0.9797520637512207],"CCameraCFrame":[140.53924560546876,17.43248748779297,-238.17970275878907,0.9797521233558655,-0.19717290997505189,0.03476695343852043,0,0.1736484318971634,0.9848076701164246,-0.20021463930606843,-0.9648674130439758,0.17013239860534669],"time":0.2788069248199463},{"ShiftLock":true,"VVelocity":[-15.674836158752442,-4.0877180099487309,3.2092723846435549],"AAnimation":{"Name":"Idle","Weight":0},"CCFrame":[137.91061401367188,-4.450823783874512,-241.3034210205078,0.9799150824546814,0,0.1994151473045349,0,1,0,-0.1994151473045349,0,0.9799150824546814],"CCameraCFrame":[140.40606689453126,17.40864372253418,-238.15087890625,0.9799151420593262,-0.19638560712337495,0.03462807461619377,-3.725290298461914e-9,0.1736481636762619,0.9848077893257141,-0.1994151622056961,-0.9650280475616455,0.1701604574918747],"time":0.28525447845458987},{"ShiftLock":true,"VVelocity":[-15.678106307983399,-1.061458945274353,3.1932621002197267],"AAnimation":{"Name":"Idle","Weight":0},"CCFrame":[137.77996826171876,-4.464408874511719,-241.27679443359376,0.9800775051116943,0,0.19861553609371186,0,1,0,-0.19861553609371186,0,0.9800775051116943],"CCameraCFrame":[140.33816528320313,17.391613006591798,-238.1355438232422,0.9800775051116943,-0.19559815526008607,0.03448920696973801,0,0.17364807426929475,0.9848077893257141,-0.19861556589603425,-0.9651879668235779,0.1701885610818863],"time":0.29020166397094729},{"ShiftLock":true,"VVelocity":[-15.680065155029297,-0.389991819858551,3.183628797531128],"AAnimation":{"Name":"Idle","Weight":0},"CCFrame":[137.71463012695313,-4.466033935546875,-241.26353454589845,0.98023921251297,0,0.19781580567359925,0,1,0,-0.19781580567359925,0,0.98023921251297],"CCameraCFrame":[140.20494079589845,17.378026962280275,-238.10693359375,0.98023921251297,-0.19481053948402406,0.034350331872701648,0,0.17364805936813355,0.9848077893257141,-0.19781580567359925,-0.9653472304344177,0.1702166348695755],"time":0.2979426383972168},{"ShiftLock":true,"VVelocity":[-15.683298110961914,0.20235607028007508,3.1676652431488039],"AAnimation":{"Name":"Idle","Weight":0},"CCFrame":[137.5839385986328,-4.465215682983398,-241.23712158203126,0.9804002642631531,0,0.1970159262418747,0,1,0,-0.1970159262418747,0,0.9804002642631531],"CCameraCFrame":[140.1370086669922,17.376401901245118,-238.09169006347657,0.9804003238677979,-0.19402284920215608,0.03421145677566528,-3.725290298461914e-9,0.1736481636762619,0.9848077893257141,-0.19701595604419709,-0.9655058979988098,0.1702447086572647],"time":0.3029046058654785},{"ShiftLock":true,"VVelocity":[-15.6852388381958,0.30465972423553469,3.158033847808838],"AAnimation":{"Name":"Idle","Weight":0},"CCFrame":[137.51858520507813,-4.463946342468262,-241.22396850585938,0.9805607199668884,0,0.1962159276008606,0,1,0,-0.1962159276008606,0,0.9805607199668884],"CCameraCFrame":[140.0037384033203,17.37721824645996,-238.0633087158203,0.9805607795715332,-0.19323498010635377,0.034072574228048328,0,0.17364837229251862,0.9848076701164246,-0.19621595740318299,-0.9656637907028198,0.17027275264263154],"time":0.30855321884155276},{"ShiftLock":true,"VVelocity":[-15.68757152557373,0.3442075252532959,3.1464221477508547],"AAnimation":{"Name":"Idle","Weight":0},"CCFrame":[137.45321655273438,-4.462512016296387,-241.2108612060547,0.9807204604148865,0,0.19541580975055695,0,1,0,-0.19541580975055695,0,0.9807204604148865],"CCameraCFrame":[139.935791015625,17.37848663330078,-238.0481719970703,0.9807205200195313,-0.1924470067024231,0.033933695405721667,-3.725290298461914e-9,0.1736486703157425,0.9848076701164246,-0.19541582465171815,-0.9658210873603821,0.17030079662799836],"time":0.3149588108062744},{"ShiftLock":true,"VVelocity":[-15.690970420837403,0.33148401975631716,3.1294329166412355],"AAnimation":{"Name":"Idle","Weight":0},"CCFrame":[137.3224639892578,-4.459681987762451,-241.18475341796876,0.9808794260025024,0,0.1946163773536682,0,1,0,-0.1946163773536682,0,0.9808794260025024],"CCameraCFrame":[139.86782836914063,17.379920959472658,-238.03309631347657,0.9808794856071472,-0.19165968894958497,0.0337948240339756,-3.725290742551124e-9,0.1736484169960022,0.9848076701164246,-0.19461636245250703,-0.965977668762207,0.17032815515995027],"time":0.3209095001220703},{"ShiftLock":true,"VVelocity":[-15.69290828704834,0.30543282628059389,3.1197011470794679],"AAnimation":{"Name":"Idle","Weight":0},"CCFrame":[137.257080078125,-4.458409309387207,-241.1717529296875,0.9811962246894836,0,0.193012997508049,0,1,0,-0.193012997508049,0,0.9811962246894836],"CCameraCFrame":[139.73187255859376,17.382753372192384,-238.0030517578125,0.9811962246894836,-0.19008071720600129,0.033516328781843188,0,0.17364804446697236,0.9848077893257141,-0.1930130124092102,-0.9662896990776062,0.1703827977180481],"time":0.3273444175720215},{"ShiftLock":true,"VVelocity":[-15.698263168334961,0.2448059618473053,3.092636823654175],"AAnimation":{"Name":"Idle","Weight":0},"CCFrame":[137.1262664794922,-4.456241607666016,-241.1459503173828,0.981353223323822,0,0.19221316277980805,0,1,0,-0.19221316277980805,0,0.981353223323822],"CCameraCFrame":[139.6638946533203,17.38402557373047,-237.9880828857422,0.981353223323822,-0.1892930269241333,0.03337746113538742,0,0.1736481636762619,0.9848077893257141,-0.19221316277980805,-0.9664443135261536,0.1704101711511612],"time":0.33418989181518557},{"ShiftLock":true,"VVelocity":[-15.7003812789917,0.21547752618789674,3.0818703174591066],"AAnimation":{"Name":"Idle","Weight":0},"CCFrame":[137.06085205078126,-4.455343723297119,-241.1331024169922,0.9816660284996033,0,0.19060902297496797,0,1,0,-0.19060902297496797,0,0.9816660284996033],"CCameraCFrame":[139.5278778076172,17.386192321777345,-237.95835876464845,0.9816661477088928,-0.18771325051784516,0.033098965883255008,0,0.17364849150180818,0.9848076701164246,-0.19060905277729035,-0.9667523503303528,0.17046481370925904],"time":0.3384983539581299},{"ShiftLock":true,"VVelocity":[-15.70577335357666,0.16387230157852174,3.0542619228363039],"AAnimation":{"Name":"Idle","Weight":0},"CCFrame":[136.9299774169922,-4.45387601852417,-241.1076202392578,0.9818217158317566,0,0.1898055076599121,0,1,0,-0.1898055076599121,0,0.9818217158317566],"CCameraCFrame":[139.45985412597657,17.38709259033203,-237.9435577392578,0.9818217158317566,-0.18692192435264588,0.03295934945344925,0,0.17364801466464997,0.9848077893257141,-0.18980549275875092,-0.9669056534767151,0.17049139738082887],"time":0.34484076499938967},{"ShiftLock":true,"VVelocity":[-15.707881927490235,0.1420685350894928,3.043403148651123],"AAnimation":{"Name":"Idle","Weight":0},"CCFrame":[136.86453247070313,-4.45328426361084,-241.09494018554688,0.9819760918617249,0,0.18900516629219056,0,1,0,-0.18900516629219056,0,0.9819760918617249],"CCameraCFrame":[139.32638549804688,17.38855743408203,-237.9160919189453,0.9819761514663696,-0.1861337572336197,0.032820478081703189,3.725290298461914e-9,0.17364856600761414,0.9848076701164246,-0.18900518119335175,-0.9670576453208923,0.17051874101161958],"time":0.351529598236084},{"ShiftLock":true,"VVelocity":[-15.711091995239258,0.10605577379465103,3.0267996788024904],"AAnimation":{"Name":"Idle","Weight":0},"CCFrame":[136.73361206054688,-4.452330112457275,-241.06968688964845,0.9821304678916931,0,0.1882014125585556,0,1,0,-0.1882014125585556,0,0.9821304678916931],"CCameraCFrame":[139.25833129882813,17.389148712158204,-237.90147399902345,0.9821305274963379,-0.1853421926498413,0.03268085792660713,0,0.17364834249019624,0.9848076701164246,-0.1882014125585556,-0.9672096967697144,0.1705453097820282],"time":0.3578372001647949},{"ShiftLock":true,"VVelocity":[-15.712964057922364,0.09142743796110153,3.017063856124878],"AAnimation":{"Name":"Idle","Weight":0},"CCFrame":[136.6681365966797,-4.451949119567871,-241.05711364746095,0.9822841882705689,0,0.18739750981330872,0,1,0,-0.18739750981330872,0,0.9822841882705689],"CCameraCFrame":[139.12478637695313,17.390104293823243,-237.87425231933595,0.9822841882705689,-0.18455050885677339,0.03254124894738197,0,0.17364825308322907,0.9848077297210693,-0.18739750981330872,-0.9673610329627991,0.1705719232559204],"time":0.3640127182006836},{"ShiftLock":true,"VVelocity":[-15.716043472290039,0.06776896864175797,3.000990390777588],"AAnimation":{"Name":"Idle","Weight":0},"CCFrame":[136.53717041015626,-4.451338768005371,-241.03208923339845,0.9824371933937073,0,0.18659348785877229,0,1,0,-0.18659348785877229,0,0.9824371933937073],"CCameraCFrame":[139.05670166015626,17.390483856201173,-237.85972595214845,0.9824373126029968,-0.1837586909532547,0.03240162879228592,0,0.17364826798439027,0.9848076701164246,-0.18659348785877229,-0.967511773109436,0.17059849202632905],"time":0.3699946403503418},{"ShiftLock":true,"VVelocity":[-15.717887878417969,0.05829697474837303,2.9913060665130617],"AAnimation":{"Name":"Idle","Weight":0},"CCFrame":[136.4716796875,-4.451096057891846,-241.01962280273438,0.9824371933937073,0,0.18659347295761109,0,1,0,-0.18659347295761109,0,0.9824371933937073],"CCameraCFrame":[138.9257354736328,17.391094207763673,-237.83470153808595,0.9824373126029968,-0.1837586909532547,0.03240162879228592,0,0.17364826798439027,0.9848076701164246,-0.18659348785877229,-0.967511773109436,0.17059849202632905],"time":0.37482619285583498},{"ShiftLock":true,"VVelocity":[-15.718579292297364,0.0501323938369751,2.9876742362976076],"AAnimation":{"Name":"Idle","Weight":0},"CCFrame":[136.40618896484376,-4.450887203216553,-241.00717163085938,0.9824370741844177,0,0.18659424781799317,0,1,0,-0.18659424781799317,0,0.9824370741844177],"CCameraCFrame":[138.86024475097657,17.391342163085939,-237.82225036621095,0.9824370741844177,-0.18375948071479798,0.03240163251757622,0,0.17364753782749177,0.9848078489303589,-0.18659424781799317,-0.9675117135047913,0.17059777677059174],"time":0.381197452545166},{"ShiftLock":true,"VVelocity":[-15.718935012817383,0.0370425321161747,2.9858126640319826],"AAnimation":{"Name":"Idle","Weight":0},"CCFrame":[136.27520751953126,-4.450552940368652,-240.9822998046875,0.9827404022216797,0,0.18498994410037995,0,1,0,-0.18498994410037995,0,0.9827404022216797],"CCameraCFrame":[138.78953552246095,17.39154815673828,-237.80589294433595,0.9827404022216797,-0.1821795254945755,0.0321231409907341,0,0.17364805936813355,0.9848077893257141,-0.18498992919921876,-0.9678103923797607,0.17065095901489259],"time":0.3877546787261963},{"ShiftLock":true,"VVelocity":[-15.722004890441895,0.031830646097660068,2.969578981399536],"AAnimation":{"Name":"Idle","Weight":0},"CCFrame":[136.20970153808595,-4.450420379638672,-240.9699249267578,0.9828914999961853,0,0.18418554961681367,0,1,0,-0.18418554961681367,0,0.9828914999961853],"CCameraCFrame":[138.6559295654297,17.39188003540039,-237.77906799316407,0.9828915596008301,-0.18138732016086579,0.03198352828621864,1.862645371275562e-9,0.1736484318971634,0.9848076701164246,-0.18418553471565247,-0.9679591655731201,0.1706775575876236],"time":0.39414000511169436},{"ShiftLock":true,"VVelocity":[-15.725665092468262,0.023499267175793649,2.950148105621338],"AAnimation":{"Name":"Idle","Weight":0},"CCFrame":[136.0786590576172,-4.45020866394043,-240.9453125,0.9828914999961853,0,0.18418553471565247,0,1,0,-0.18418553471565247,0,0.9828914999961853],"CCameraCFrame":[138.59042358398438,17.392013549804689,-237.76669311523438,0.9828915596008301,-0.1813873052597046,0.031983524560928348,0,0.1736484169960022,0.9848076701164246,-0.18418551981449128,-0.9679591655731201,0.1706775426864624],"time":0.39993834495544436},{"ShiftLock":true,"VVelocity":[-15.72603988647461,0.020191259682178499,2.9481608867645265],"AAnimation":{"Name":"Idle","Weight":0},"CCFrame":[136.0131378173828,-4.450124740600586,-240.9330291748047,0.9830417633056641,0,0.1833817958831787,0,1,0,-0.1833817958831787,0,0.9830417633056641],"CCameraCFrame":[138.45675659179688,17.392227172851564,-237.74014282226563,0.9830418229103088,-0.18059583008289338,0.03184391185641289,0,0.1736481785774231,0.9848077893257141,-0.1833818107843399,-0.9681072235107422,0.17070339620113374],"time":0.4059157371520996},{"ShiftLock":true,"VVelocity":[-15.72829818725586,0.014905582182109356,2.936084747314453],"AAnimation":{"Name":"Idle","Weight":0},"CCFrame":[135.88206481933595,-4.449990272521973,-240.90853881835938,0.9831913709640503,0,0.1825779229402542,0,1,0,-0.1825779229402542,0,0.9831913709640503],"CCameraCFrame":[138.38861083984376,17.392311096191408,-237.72592163085938,0.9831913709640503,-0.17980417609214784,0.03170430660247803,1.862645149230957e-9,0.17364807426929475,0.9848077893257141,-0.1825779378414154,-0.9682545065879822,0.17072929441928864],"time":0.41214442253112795},{"ShiftLock":true,"VVelocity":[-15.730025291442871,0.012806490063667298,2.9268107414245607],"AAnimation":{"Name":"Idle","Weight":0},"CCFrame":[135.8165283203125,-4.449936866760254,-240.89634704589845,0.983340322971344,0,0.18177391588687898,0,1,0,-0.18177391588687898,0,0.983340322971344],"CCameraCFrame":[138.25491333007813,17.392444610595704,-237.69947814941407,0.9833404421806336,-0.17901237308979035,0.03156469017267227,-1.862645371275562e-9,0.17364807426929475,0.9848077893257141,-0.18177391588687898,-0.968401312828064,0.17075514793395997],"time":0.41779422760009768},{"ShiftLock":true,"VVelocity":[-15.732965469360352,0.00945213995873928,2.9109742641448976],"AAnimation":{"Name":"Idle","Weight":0},"CCFrame":[135.6854248046875,-4.4498515129089359,-240.8720703125,0.9834886789321899,0,0.18096978962421418,0,1,0,-0.18096978962421418,0,0.9834886789321899],"CCameraCFrame":[138.18675231933595,17.392498016357423,-237.6853485107422,0.9834886789321899,-0.1782204955816269,0.031425077468156818,0,0.1736481785774231,0.9848077893257141,-0.18096983432769776,-0.9685472846031189,0.1707810014486313],"time":0.4240224361419678},{"ShiftLock":true,"VVelocity":[-15.734748840332032,0.008118005469441414,2.901313543319702],"AAnimation":{"Name":"Idle","Weight":0},"CCFrame":[135.61985778808595,-4.449817657470703,-240.8599853515625,0.9834886789321899,0,0.18096980452537538,0,1,0,-0.18096980452537538,0,0.9834886789321899],"CCameraCFrame":[138.05564880371095,17.3925838470459,-237.66107177734376,0.9834886789321899,-0.1782204955816269,0.031425077468156818,0,0.1736481785774231,0.98480778932